%YAML:1.0
---
K: !!opencv-matrix
   rows: 3
   cols: 3
   dt: d
   data: [585.2033685583266, 0.0, 521.6451976959074, 0.0, 583.348171416934, 382.5660809831434, 0.0, 0.0, 1.0]
D: !!opencv-matrix
   rows: 1
   cols: 4
   dt: d
   data: [-0.13339260676514814, 0.3857155669436128, -0.5989247214760174, 0.3289234211743555]